mean_x: 58.2704086304
mean_y: 32.4400510204
standard_deviation_x: 77.4938550689
standard_deviation_y: 45.0357315214
covaraince: [1836.3077]
l: 0.849991510532
c: 0.868858174129
s: [0.5261638]
SSIM: [0.38858357]

y mean in hex: 0x4201c29d
y standard deviation in hex: 0x42342497
